image: /home/redwan/catkin_ws/src/map/2015-01-19-11-35-12_renamed.pgm
resolution: 0.500000
origin: [-250.250000, -250.250000, 0.000000]
negate: 0
occupied_thresh: 0.65
free_thresh: 0.196

